dict=36
pos=12
label=18
embedding_size=5
hidden_size=2
basic_tokens=48
Ms. Haag plays Elianti . Rolls-Royce Motor Cars Inc. said it expects its U.S. sales to remain steady at about 1,200 cars in 1990 The luxury auto maker last year sold 1,214 the -UNKNOWN- -NULL- -ROOT- 
NOUN VERB . PRON PRT ADJ ADP NUM DET -UNKNOWN- -NULL- -ROOT- 
compmod nsubj dobj p ccomp poss aux xcomp acomp adpmod advmod num adpobj det amod nmod -NULL- ROOT 
-0.00859302690201 0.0075481893479 -0.00786972364794 -0.00769064373541 -0.00447575032047 
0.00184881214382 -0.00756073706518 0.0044373575412 0.00376500479702 0.00199599485326 
0.0065742664193 -0.00355143612461 0.00141777792527 0.00663162679511 -0.00552185111879 
-0.00149880215155 -0.00651009654261 0.00719210389775 0.000214934230333 -0.00654141846685 
-0.00396570027645 0.00516292397235 -0.00415131068738 -0.00459786120948 -0.00325073220613 
-0.000630197324832 0.00702602717152 0.00552389633034 0.000446292069034 0.00423544527915 
-0.00640321283634 0.00807244580461 -0.00457347696558 -0.00398718685821 0.00306536780981 
0.00270759602768 -0.00731205624173 -0.00746312935132 0.00782257521771 0.000176658754933 
0.0107849304636 0.00267642522061 -0.00131173999374 0.00600167551915 -0.0108088912223 
-0.000435533107855 -0.00166088270154 -0.00621287295286 0.00200339248689 -0.0135118309683 
-0.00581258332319 -0.00951679096544 0.00238102061386 -0.00351768082221 -0.00764605396193 
0.00694877063628 0.0150294545275 0.00232462853551 0.00914898828723 -0.00446456877997 
-0.00644678727458 0.00737698340405 -0.006515618304 -0.0052784010491 0.00581393997821 
0.00256562966838 0.000991164511158 0.00321174399027 -0.00152904554836 0.00179066122032 
-0.00308567754269 -0.0106956400781 -0.00858478454137 0.00216250588717 -0.00841571375677 
0.00701910786382 -0.00638780401399 -0.00736603480867 0.00110228070555 0.0098020438937 
0.0064884326373 0.00815688101289 -0.00600103503915 -0.00144512502077 0.00319561409265 
-0.00275298677203 -0.00317627271441 0.00790312564763 -0.0074447964498 0.00997607057855 
0.00418351564309 -0.00783366090609 -0.00516520854339 0.00141435203825 -0.00584464982662 
-0.00461553580249 0.00873276750457 0.0013776002628 0.00917103249168 0.0038391772005 
-0.00273963117765 0.00297106952434 0.0089542807418 0.00205999060589 0.00595451929064 
0.00414313687586 0.00565377905831 -0.00417721294091 -0.00209696805628 0.00825823912534 
0.00447326842447 0.00740405292467 -0.00974169247026 -0.0108957802967 0.00655901579228 
0.00191490599797 -0.00347554080359 0.0107532678231 0.00782468208989 0.00437724401559 
0.00558800052933 0.00376072740598 0.00790000269287 -0.00553921810832 -0.0139210939333 
-0.000806256328914 0.00982401651629 -0.00674422143191 -0.00613926501384 0.0105151778104 
0.0129411289573 0.0011016347656 0.00568663888767 0.0035637988122 0.00316920328328 
0.00257805671735 0.00483109576533 -0.00833498335673 -0.00917727089599 0.00576063154155 
-0.0037281588814 0.000341363296765 -0.00189099520506 0.00941977265448 0.00985204847738 
-0.00456988667014 0.00627464845493 -0.00566761950576 0.00894577628627 -0.00689388969737 
0.00380693792577 -0.000854533689594 -0.00106933500551 0.00588213156395 -0.00129300673845 
-0.00746395921504 0.00839650657068 -0.00765910874862 -0.00973168069813 -0.00270201688971 
-0.00587799192332 0.00439920850548 0.000299622436468 0.00966237315271 -0.00244509352246 
-0.0249576272252 -0.00642366737987 -0.011434354635 0.00788672975576 -0.00679039873695 
-0.00659230805652 -0.0082784204171 0.00795285987407 -0.00658178266704 -0.00633715103045 
0.0109347837994 0.0126603381487 0.0157899980354 0.00575525726604 -0.0154614146871 
0.0124824913874 0.00162036291035 0.00365043297612 0.00789899707592 -0.00486849706586 
-0.00265912988869 0.0174399818804 0.00190742436115 -0.00932658873985 0.00123011470994 
-0.00745435053488 0.00785674318146 0.0010702677931 -0.000110960313781 0.00914173360958 
0.00113941950023 0.00539405437382 -0.00374534198725 0.00944640487574 -0.00791353792916 
-0.00740331963441 0.00272149085757 0.0112293686895 -0.00510942858055 0.000249711370076 
0.00437626690351 0.00161022210306 0.0115400343543 0.00323826642992 0.00826998985586 
0.00400998801967 -0.00254448277515 0.0145039646472 0.00372778387726 -0.0110699413596 
-0.00384609581127 -0.00606804371163 0.00212143481661 0.00133327293408 0.00480147143057 
0.000621060273182 0.00574497988896 -0.0112922544566 0.00241468151624 0.00522919766755 
-0.0180056086545 -0.0212902404212 0.016547889703 0.0131893863965 -0.0288177111127 
0.000383448191452 -0.00644956277 -0.00517614748564 -0.00203400094562 0.00671681356677 
0.0106151150947 0.0181809214455 -0.0210120062404 -0.0215697488739 0.00748108968966 
0.00841262496876 -0.00829310605441 -0.0115972744415 -0.00362889232147 -0.00103791197511 
0.0156635051654 0.00866966243708 -0.00164886460623 -0.00340131084698 0.0104259206301 
-0.0102791415308 -0.00495127710939 -0.00716228428836 0.00813664602119 -0.00601070560324 
-0.00303990399772 -0.000947932374677 -0.00442676536574 0.00419840864726 -0.000438729354034 
9.76902608097e-05 0.00953588054157 0.00290739546608 0.00358111257011 0.00506139193059 
0.0124416498799 -0.0106833148812 -0.00842080549096 0.000536517239131 0.00199615255266 
0.0071851614087 -0.00504239137387 -0.00953168361409 0.00596405247895 0.0111977508107 
-0.00573697527069 0.00241162192504 -0.00154741919105 -0.00423478894156 5.42918073903e-05 
0.00659271614003 0.000908978925309 0.00672852177618 0.000460332372499 -0.00389267817212 
-0.00878746730576 0.0073517163659 0.00779525778038 0.00608111862601 0.00693984529521 
0.00121664218824 0.0052696141294 -0.00671574239534 0.00497701085312 0.000752697765421 
0.0026401722133 -0.00621328357672 -0.00650494290523 -0.00626573701527 0.00208865382206 
0.0022602130149 0.00208137836319 0.0052976894612 -0.0021472399856 -0.00779286548716 
0.00161648856596 0.0021754252724 -0.00791135512181 -0.00707729729805 0.00302592092939 
0.00167775215935 -0.00248184703693 -0.00351091827058 -0.0061039654519 -0.0105896648695 
0.0105100551511 0.00557849012933 -0.0092109757166 -0.00406066003564 0.0045258504677 
0.0168520632072 0.0112530305613 -0.0202806959064 -0.00718160412718 0.0143815984657 
-0.00258867072606 0.000776350402013 0.000877771199487 0.00494542248516 0.00929492915196 

0.0453726033376 0.135312824471 0.0677094577395 0.0230180682588 -0.148323052672 -0.0136580107046 0.0645980712559 -0.00210853456149 0.0654028724262 -0.152841545903 0.14624688171 0.0725481530315 0.005671734506 -0.0790483112242 0.152427090369 0.137922564272 0.0325868157604 0.000665562227171 0.141706829563 -0.108854401044 0.0902643592416 -0.0748831751595 -0.0496547312323 0.0466523457392 0.00698709392694 -0.0204592923354 -0.0163463445038 0.101558870235 0.0261163677408 -0.103051495542 -0.023363995185 0.0993403311388 -0.123330366045 -0.0634865106375 0.142116022197 -0.0815585556391 0.0837764718865 -0.121634302357 -0.00195218346699 -0.108511777351 0.15447077594 0.122948666205 -0.13409717263 0.0533741161426 -0.00492663885087 -0.135879754336 0.114536923819 -0.111052317138 0.13600061056 -0.100994294624 0.0972048047626 -0.139458392235 0.153268102722 -0.136063152733 -0.0634544852659 -0.138716952972 -0.126901439316 -0.104543022144 0.0803369327465 0.108584249691 0.0638521194293 -0.111060073994 -0.0820596453443 0.0515465912066 -0.150847383634 -0.0472204403659 0.118770511707 -0.0408773295949 0.0592644679591 0.0213018232146 0.000528687451376 0.046470352845 0.133328166107 0.0402376397516 0.0329725602089 -0.151477536628 -0.0767024246688 0.0620068407066 -0.149884325002 -0.111608592526 -0.109598812849 0.0104776367621 -0.0385109903602 -0.10548232287 0.0963125099201 0.0359468931784 -0.10590958642 -0.0218092391557 0.0799531946701 0.141613887993 0.019437099267 0.0804899498105 -0.154034347247 -0.145887128699 0.0265368339124 0.0144704774013 0.128735021836 -0.110528958456 -0.0176401291728 0.0585073119228 0.0351742943259 -0.0272284132335 0.11249157839 0.0786688782613 0.0701687179176 -0.109708257415 0.0242261596585 0.100422830751 0.0172857082305 0.00707905599264 -0.0461779266028 0.0998293529641 0.0765054185612 0.0585202044376 -0.0952096657861 0.0665196805039 -0.0431079961738 -2.97076603419e-05 -0.137027541483 -0.0650451104665 0.0193866088325 -0.00183236387053 0.144551658118 0.157414397491 -0.0714684154367 -0.119551067947 -0.0275457969183 -0.0213598919294 0.0837756683849 -0.073233279554 -0.0387448024678 -0.133824904427 -0.0228133044297 -0.139510313813 -0.0963571135171 -0.0916046865473 -0.000388426484775 0.129882603159 -0.0132293211944 0.140573122472 -0.0865054568737 0.113270673667 -0.089276609706 0.149519182904 -0.142808827823 -0.0463850580337 0.0137090181859 0.118729981967 -0.0390011945593 -0.10364490791 0.0965903366335 0.0590417185937 -0.0721621456421 0.0249677683423 -0.0837521979184 -0.138647778892 0.0733603048267 0.0471450123907 0.0149457278177 -0.0501232055918 0.107484430061 -0.0360239596795 -0.014555603211 -0.0415743851117 -0.0108151070392 -0.0707579214196 -0.119298576997 -0.0630863262366 0.0999476633081 -0.00953234708999 0.0208950541794 -0.0829328927405 -0.0889827225855 0.044869611409 0.0906947586529 0.109435519178 -0.0655148548179 0.0182241658319 -0.0505943717391 -0.00129724000149 0.117885730205 0.0710505861817 -0.00107162233066 0.0519905435963 -0.0112681942913 0.149270235726 0.0759238836464 0.0169654231485 0.143532891616 0.0512728641406 -0.0423958773284 0.150341038243 -0.0893480327243 -0.131873465369 0.0820867877824 0.104769252735 -0.0989498411648 -0.0941531481951 -0.0440936565269 -0.0357787256488 -0.016823437241 -0.0797099209456 0.0936212045999 0.0830782565523 0.0837827006774 0.144042627869 0.149724628402 0.0650827867974 -0.0778198494112 0.0638529026698 0.0751317292024 0.0352086494375 -0.149470165543 0.0588065373745 0.116446740258 -0.138928159603 0.0490579285495 -0.0329858936603 0.127703247501 0.0884566639505 0.148227043881 -0.0534417362592 0.0109913665982 -0.0534771320857 0.151730653331 0.0141732877273 -0.0397272503052 -0.0936475948265 0.0355689789268 -0.155863993188 0.108290222224 -0.115381999463 -0.157255617172 -0.0741953442894 -0.132139539746 -0.00123945491675 -0.0770810392723 0.0519777676587 -0.157603214662 0.0980459175861 
-0.07374090503 -0.0182032138861 -0.0663240344426 0.145364552334 -0.00285904365298 -0.0719334171048 0.143982262949 0.12558052541 0.0636199429825 -0.0527131788977 0.0932575078488 0.0998422844998 0.0167788386181 0.0715813332769 -0.047765333678 0.0753805906207 -0.120415218554 0.0690079890892 0.00397806183685 -0.00523189959371 -0.0205786957532 0.117069245997 0.0352776617168 -0.122608613294 0.0582046715702 0.00480608910202 -0.125212360324 -0.112848728636 0.00872625821099 -0.0627454846959 -0.0575496802334 0.136332293281 -0.00403289597755 -0.137184405015 0.0861203778135 -0.156478005679 0.0695954976621 -0.0163154670907 0.129466373404 0.140676947368 0.142057367498 -0.0709451973802 0.0143367080886 0.00659481700384 0.0901870473453 -0.143332058084 0.121882258617 0.137242360098 0.113682894772 0.137276333453 -0.0202900516153 -0.0629013653047 0.0118657953503 -0.106632488569 0.106983751794 -0.0435934157463 0.0135534578218 0.00768644789011 -0.132691417052 0.07991028296 0.0224321819394 -0.00337950853079 0.0611757226928 -0.126487124183 -0.0227702689806 0.0410468559432 0.09953094412 0.14302587272 0.148777921567 -0.0595832902993 -0.118599244658 0.150558306291 -0.0608880544069 0.0659337661209 -0.080785164314 -0.0269317645418 0.0320831753913 -0.00373579929128 0.112668028315 0.119204641181 0.0571801861616 -0.0398110873161 -0.0521678829619 -0.111735602246 -0.1133299609 0.114273982647 -0.0983017496326 0.0904332234011 0.0688305386577 0.0446452864293 0.00310701168002 -0.0701071256415 0.0608141364448 -0.123413963766 0.0221019598711 -0.144192004983 0.156792186482 -0.0738332550502 0.0243381904757 0.0348119579217 0.11644388485 0.0398646098463 0.0950979481784 0.0089542582073 0.136618255208 -0.0358949487661 -0.00042747347306 0.115279794329 -0.00465488336972 0.0670317511668 0.130412887468 -0.111245869157 -0.0917372621284 -0.110896380416 0.0563531096686 -0.0332349962917 0.149822537021 -0.072119514537 -0.0726266042605 -0.088605439778 0.0445416593682 0.0337152897302 0.0939273595009 -0.126145139517 -0.156002080146 -0.124315166994 -0.109801135608 0.0898943697776 0.0965176062866 0.0670731392578 0.083897888663 -0.134635879245 -0.0581664165105 0.0801767959002 0.104200692727 0.148538332476 0.0392474103249 0.144868031316 -0.0306362883783 -0.0782709478025 -0.0212066840597 0.10337432583 0.0554665827477 -0.153726181188 0.0907599474521 -0.122392927647 -0.152807430406 -0.021751623296 0.11980196253 0.0867314074547 0.0103653251012 -0.0765774785679 0.123760515601 0.0539780733854 -0.114619257366 0.0399124588617 0.0659273701011 0.109832577477 0.0262956326979 0.0637635569077 0.0770793404173 0.0174277753346 0.097761925335 -0.0900412492412 0.123462905026 -0.0101053409543 0.11957021767 0.156645062401 0.149902897417 0.0892364354017 -0.0179900596836 0.0251439769294 -0.0343430975427 0.118937933751 -0.0579658662269 0.0512505932076 0.0689919989314 0.0886373991036 0.00414006306717 -0.0148271352102 0.00558739499296 -0.0890632786342 0.0881416533738 0.0220512678741 0.0309335617474 0.0726633258991 0.0391301146657 0.0445732420069 0.0218519533609 0.136821514242 0.0759065826562 0.000962557911359 0.106804766492 -0.146168851078 -0.111972987349 -0.0452235870408 -0.0863913268774 -0.0922283496548 0.0581753325511 -0.112237049492 -0.140161477368 0.138381000968 0.0684889656053 -0.155483766365 0.06044118747 0.135613035536 -0.00119228135731 -0.0341414986141 0.151314620757 0.0707713910477 0.128043945169 -0.0954480216922 -0.000415040053043 0.0636676128929 -0.0500923625581 0.124778190081 0.125790688682 -0.115680517345 -0.0108451198396 -0.109055957522 -0.152713252155 -0.128396795231 -0.156015721835 0.015765097957 0.135947198766 0.0340304142114 0.0230922010666 -0.148111385251 0.030796187668 0.0951835459706 0.147429836609 -0.111916372699 -0.0885545394444 -0.0715717861617 -0.031052708182 0.071230552239 -0.13264065602 0.110748329229 -0.143779728272 -0.146314232204 

0.167220128477 -0.00274167076262 

0.178489940667 -0.280093986688 
0.0389485208597 0.228676289293 
-0.158332004832 0.0660075298985 
0.148132293093 0.0971158898686 
-0.1313920322 -0.207950991027 
-0.104021596084 0.312219875465 
-0.354363129521 0.0373829725038 
0.258927572893 0.0202603217055 
0.28664353078 -0.149654126166 
-0.33501488363 0.136724235577 
-0.2148015193 -0.144239697819 
-0.296660735227 0.231463140469 
-0.0961662474584 -0.280797692075 
0.384328279314 -0.287131140051 
-0.382951212764 -0.102206209046 
-0.389565725477 0.185767950708 
0.338153979478 -0.130622422153 
-0.0346181673165 -0.126191592018 
0.171743214143 -0.18009177987 
-0.239180480047 -0.341340759795 
0.15835250837 -0.196492295964 
0.279720748378 0.368242763011 
0.376886323772 0.0250188375917 
0.0301812877852 0.140052507498 
-0.0960876241236 0.32539920645 
-0.287164032408 0.224998583357 
0.302525952984 -0.284291032504 
-0.0393263422465 -0.300862295165 
-0.296329689462 -0.281459413884 
-0.0918389473727 -0.135172706071 
-0.199557597547 0.179498524353 
-0.217389472663 0.123109124949 
0.170853979873 0.236033755797 
-0.227113102139 0.244334603304 
-0.0667689772096 0.214901732911 
0.319727534734 -0.262277007588 
0.0712381445332 -0.217222498616 
